-0.07332148221332632 -0.023942181655192244 -0.027595082812294915 -0.027355668047877497 -0.029394667340789278 0.03996589314902713 -0.032414426926549826 0.020201923091345386 0.0045293132610330624 0.050287627833851024 
-0.07018426051166149 0.03215578199556199 0.038840711770498845 0.01811220948699242 -0.00995972013175151 0.001448486091834284 0.015210950810769192 0.08103770196589358 -0.017962472339770472 -0.02019006747136083 
-0.0646814618676028 0.03148632095732286 0.024299610825941016 0.002058647689482825 -0.009320892232138271 0.008098885646618674 -0.0015709835970405853 -0.002957140553475903 -0.01755288229980424 -0.03870899837438851 
-0.06650865930123025 -0.05000264765749061 0.05427846616808114 0.010346787382434884 0.009324239444455045 0.014052859007695692 -0.01997708395885112 -0.0015137831177290883 0.0023107210337605295 0.048530854422146545 
-0.05461717791251713 -0.008953049801768118 -0.025438975691281403 -0.03473394358274828 -0.03816853559853064 0.04506210203783346 -0.08672836242691416 0.019357115082253355 0.05248312195013222 -0.002761526581659535 
-0.05743086967176397 0.023984511584711366 0.039144714370945494 -0.04184223142925079 -0.0948150643563852 -0.02508370135508997 -0.05054982656028551 -0.035539436150651936 -0.20917290718445883 -0.020322634438858178 
-0.05147583948237329 -0.041908210634070776 0.07050056680591925 0.015563332599584598 0.020838063602988757 -0.02764464550858167 0.03313255293511557 -0.009799312753601597 0.05821611898885795 0.01562510581158284 
-0.06677855279160443 -0.05727341338212998 0.05682754933917679 0.03233978428336815 0.018802880203061742 -0.007428976744560582 0.022064440390239925 -0.052860491644294454 0.05770724404528675 0.0077520058416156975 
-0.07447406702465367 -0.02243081310317763 -0.04786770385219208 -0.04715421836987865 0.02791758202406419 0.12405954228471947 -0.030571359723960245 -0.02310270882233876 0.012688138760821338 0.012113477164469531 
-0.10101283465500084 -0.07463248753689394 0.09030480130267643 0.03455999375954661 0.014700150195887711 -0.02725521957251657 0.0046265157427216735 -0.060048923959177256 0.05313559106842216 0.0062836440243214785 
-0.08809348702260407 0.0784131462431295 0.021381085116579684 0.021292752264486337 -0.06620295656775144 -0.029881787936736647 0.02044860905924542 -0.015059046720918762 0.02243516125458961 -0.0224311709021811 
-0.09637751480568908 -0.06742802945064581 0.06674242144277343 0.016337516337662453 0.009970576832066648 -0.0025416222099429123 -0.009839800013704774 -0.00977547836180213 0.035574505523007886 -0.0031710395587147794 
-0.08284155108232365 -0.040081252951915454 -0.09506924232151118 0.06474746963348305 -0.011309257155053518 -0.06039745397759576 -0.018361720945372938 0.01240018312007865 -0.04267466267922478 -0.0046450484876129315 
-0.06972921772440037 -0.02349832624273666 -0.019563855243428387 -0.022282011336294084 -0.04015521821065381 -0.004691535770365695 -0.0022033477341956726 -0.0008280470484568325 0.010619450194922397 0.053687042597756196 
-0.0487497610880127 -0.03255069433302481 0.018164967006437476 0.0016198087674019865 -0.0019511145841933416 0.010955468244749179 -0.05785950922996801 -0.03965905156000904 -0.1336434811103226 -0.01450509801507667 
-0.04827220303546642 0.01403427983843628 -0.03694280828732607 -0.1527709244652904 0.10225961467384544 -0.029704678892674877 -0.0661662805518515 0.022191630785794975 0.04356913589297179 -0.020060014796243923 
-0.06722148710017738 -0.03135296219994663 0.0265278678612899 0.002612362737306191 -0.004350035662999903 -2.0946181502869577e-05 0.007841138129213353 -0.04347458039235754 -0.00787687162274175 0.004969418774256596 
-0.06715992274941181 0.19165499554454923 0.03640113331317946 0.10883684865967398 0.031672211219421285 0.019153635527487004 0.022452884912517956 0.0048880057226386615 0.003211903870228038 -0.004093815066538471 
-0.06410213842636638 0.021210114579743578 -0.00162904254655959 -0.05843413920666216 -0.1067063658754794 -0.012964944808985935 0.03061702652297173 -0.0101044556753448 0.02001052754063856 -0.032600958946941955 
-0.05889763232818474 -0.03884920141799549 -0.003517170295644617 0.01679399332333588 -0.0022854406685701347 0.007251152638795148 0.0005795488773684028 0.03158982177524521 -0.012726189899550511 -0.012641112704273554 
-0.07130138008319768 0.05660522295499715 0.00624306483744659 -0.06151366223719279 -0.13272154946630912 -0.030824203279039213 0.014191876084893232 -0.004799375646507988 -0.03437406941078414 0.12024898637744026 
-0.0777180593723985 0.00654255666202352 -0.010429457890797467 -0.03408239723642306 -0.06827355866501084 -0.008008092676239845 -0.01180357254218893 0.006257102201679634 -0.005413877236151987 0.03870533338881151 
-0.06697077945614897 -0.03400442926056853 -0.0328702716493667 -0.012644007934707175 0.0121197337348224 0.07961458138791261 -0.03300319921829025 0.0004818116822297225 0.023863615319617556 0.010036227675671968 
-0.04703669666342244 -0.03344351751106519 0.033637666816462033 0.002893996904567764 0.015473044002087315 0.011508624771697833 -0.011988226315264805 -0.001043885204565242 0.04794808442093275 0.004625729620769455 
-0.05528543528641511 -0.04536647218064832 0.05836681640327098 -0.0023053215395483157 0.019798077856055713 0.013771165886743736 0.009268984157556793 0.11119382251913365 0.012880091725691793 -0.02915218849231879 
-0.060434980233102814 -0.032359087398695585 0.0015991874683807126 0.005283487099054455 -0.00409451330421231 0.009885753052388658 -0.02984681563247712 -0.007523127833148308 -0.019966658769966426 -0.005526790628227343 
-0.07272254104682993 -0.054453254452382395 0.06508231960370608 0.009629972143035518 0.005008796063859474 -0.005835419026139492 -0.0032388343087642133 -0.016360171981864277 0.006899052535736662 0.024826183642472324 
-0.06561845594790748 -0.03952062771861187 0.04538477831629438 0.0023900420721007496 -0.01491162797241392 -0.017229972552074476 -0.004278600017953977 -0.0282614619877738 0.02371903308655123 0.054646924533805874 
-0.04632514270978482 -0.03331991444854346 -0.0607905254686715 -0.023421979051881335 0.050369048990603495 0.19906456165197065 0.18677017004664753 -0.07248526553648599 -0.05207035393518162 0.0014101090834181906 
-0.07939501941036663 -0.06420065091291835 -0.023814376097826925 0.08044739314742347 0.01866580532330513 -0.055393529984471626 0.0025607180909313684 -0.06638116602715731 0.03217090523842328 -0.018884525971626705 
-0.0723727741719731 -0.040653456524158145 0.05079792633083069 0.02560087618872075 0.007058023430768044 -0.02658492412712113 -0.0075517099489524776 -0.032079216378339985 0.004112613331009437 0.0008284159821839066 
-0.06235130141006139 -0.02072110492326443 0.059109253342697274 0.009939077007196139 0.020047080530088215 0.01282812179194312 0.005780179764929205 -0.018011218593991327 0.02400192914075672 0.03094437522323321 
-0.07475044490273622 -0.07603225006557092 0.09128867445431983 0.05189472602455589 0.030999366766443433 -0.03538877321086348 0.060306382874100194 0.0844803209052506 0.023383371225175295 -0.0190429727386825 
-0.0593128623069645 -0.022378520207119005 0.054151295544590625 0.0007931902541990072 -0.0025799620956229656 -0.01992426062228597 0.017799387105746453 -0.005525760653499834 0.04726261584112227 0.0014366749830333663 
-0.06994483884860085 -0.05878453654228359 0.07111560706486593 0.0228242782912485 0.025841154780325486 -0.01906655720375945 0.01295886668890145 -0.03791055736698264 0.04458652556189035 0.005466630987193169 
-0.05650400377606752 -0.040939725896950045 0.016958867488477136 -0.001994959519962774 0.02086749775853362 0.033425362243609875 0.0010312867657999007 -0.01632967676120599 0.005499745114122869 0.007428895096781328 
-0.09075496271211667 -0.04330229067142222 0.009370280495342082 0.001120362702109176 -0.05079705919748738 -0.036548635049284524 -0.048706221118230676 -0.024336755829946464 -0.1468779149756009 0.05346720598425956 
-0.07209543894664444 0.02720095114020584 -0.01311840085217973 -0.039341859384706385 -0.08145556225596813 0.051529643014265825 0.010572906055218373 -0.00941603039874432 -0.0023998851747690352 0.03128729069082292 
-0.06795830737985324 0.03175145235515417 0.008107658815765051 -0.028467398470554826 -0.08143752091152984 0.02346665537150533 0.014309575068279182 -0.004085377631379666 -0.016961861738191912 0.03141643027000029 
-0.07684712757652556 0.07253651348810701 0.011847426204921473 -0.060973552568415135 -0.14867759252486862 -0.039911914575886664 0.013083371693229129 -0.013543429067414103 -0.08157319253990766 0.10085130462538239 
-0.08170119205271598 0.08467451396395594 0.00502310416341547 -0.06575638285320623 -0.1621432245669895 -0.043618967881085824 0.028991671256607798 -0.008044427296604642 -0.049673263878769844 0.13114478939144253 
-0.08710509994829987 -0.08058085287646832 0.01075592984357248 0.09524286927935229 0.030487041371225234 -0.08531401270591685 0.008078722042595958 -0.077088126222943 0.05672589029058608 0.018551314286078542 
-0.06626673449393529 -0.032569356623827386 -0.008045528540875107 0.031076221541730776 0.011134606683903788 0.0006406747767739513 0.0026450590465781137 -0.027466928642389137 0.005283157249958393 0.005368313368810961 
-0.06489410170892312 0.026760235448289607 0.041916210724947646 0.02680899740996095 0.020925658007891763 0.03528281569890716 0.026193624618865215 0.12012703339492724 -0.015172096092123962 -0.014031244080148374 
-0.043266756403228926 -0.03334032615971382 0.03839657865611217 0.005521667925419882 0.007484815682471363 0.0061527956924375205 -0.012383277183665385 -0.011484123313648783 0.013320441960068683 0.002860575265130438 
-0.05538295186876401 -0.036759311241631454 0.03475343980039955 -0.016316875564163464 0.018557569215290004 0.053077362076965964 0.018635470399137054 0.0556474821670037 -0.00041704508820097734 -0.003848746425900172 
-0.07338702447152917 -0.06889705801143395 0.12863789593137304 0.03286511474337766 0.03216091299774156 -0.03551072505085668 0.040349776737448106 0.02714518434352769 0.051206677389017914 -0.027780047131166014 
-0.06932566822369171 -0.0120808270517204 -0.041288887589082134 -0.02802977826383447 0.04338171623527425 0.02793035968789952 -0.04121740505676464 -0.012892281885692811 0.0025344015343183777 -0.03028104536868098 
-0.06918610769182262 -0.057878563760538376 0.04218384231781956 0.009606886883080874 0.023934896646076186 0.023606788897917466 0.05103854705622929 0.14788671305833515 -0.022620057430177778 -0.012274312020579468 
-0.05663357938966421 0.011496774229197154 -0.04972582169643954 -0.2059645774027888 0.13495862708183867 -0.06343895110506448 0.08942819312558024 -0.015184028697147496 -0.027801918282501437 0.04122251078247256 
-0.058443640220616246 0.021300818366033696 -0.006773307190781869 -0.010530533952973263 -0.027210341884609034 0.057421274080079486 -0.01576108265126865 0.004123824710137162 0.01622858647253927 0.021847652181327396 
-0.06697077945614897 -0.03400442926056853 -0.0328702716493667 -0.012644007934707175 0.0121197337348224 0.07961458138791261 -0.03300319921829025 0.0004818116822297225 0.023863615319617556 0.010036227675671968 
-0.07309167375031488 -0.05374342244750108 0.04443002520019463 0.030421053208627095 0.011776453600776697 -0.03369410302432229 0.0037427938199144878 -0.025890363022094572 0.035040285590741224 0.030431766938431026 
-0.06836347601089547 0.016016861422227014 0.035151259945802815 -0.0010775003478061896 0.018466570403235925 0.004270494965461164 -0.006617773172363128 -0.01054728011337098 0.0021677093947486186 -0.06049960520949346 
-0.07754681443222108 -0.05275460840026295 -0.17955831747057097 0.106004812992825 0.013597513440629991 -0.0786567337107255 0.013740155506363422 0.015854378154539103 -0.01975795537899698 -0.011907607491426112 
-0.08989082937910686 -0.06745325299897231 0.04259217858772111 0.04154457211509215 0.00662995327007795 -0.04744097039701125 -0.002418706721768376 -0.04824685920491093 0.02089858254323711 0.023219927777969343 
-0.047806017906198206 -0.0506186299775975 0.09110771787386646 0.009045937883748148 0.021763396283110796 0.008143288171806429 0.08862023625528596 0.27769055630660394 -0.04202821279449935 -0.023141926610959866 
-0.050713696473022915 0.04628934939538922 -0.015374122863798188 -0.006402129052520741 0.0199134748962271 0.07146254265633818 -0.09303981970886625 0.032936251606518856 0.0494448834173127 -0.02837441372381732 
-0.113597006940722 -0.06839177347903766 -0.1625447286821164 0.11337770348827483 0.004953406241266272 -0.057740833709950805 -0.000685430096007611 0.002028080094288698 -0.01370292703769126 -0.032577863921511324 
-0.03805836468841902 -0.014376028585594862 -0.008634662582963288 -0.01852273152232434 0.010655512504523575 0.052945910838002604 -0.012015513734740706 -0.015173188646378311 0.012168825625441963 0.004807210624890975 
-0.0680143183959678 0.03910234520167836 0.02729353787108366 -0.011482901676575048 -0.051813681141156004 0.008052058787277197 -0.054588293178086805 -0.020510213391429978 -0.07733560468732074 -0.017414537198131023 
-0.07910818223571515 -0.01715658270377877 0.007216224416604788 0.005494992654741556 -0.02809885680925484 -0.007732899752531971 -0.003186410145999725 -0.016387948254947955 8.97957968479512e-05 0.04368285291777608 
-0.08276230575701152 -0.030215281268617562 -0.011829051880911459 0.03896367444939616 0.04039058800209412 -0.04269343839116073 -0.019282820855617753 -0.02025620316894551 0.0005327890154369153 -0.05462204017141108 
-0.07140737602032887 0.06595287014238418 0.016301554946761082 -0.02241724798458656 -0.0731263330167801 0.005879116332889074 -0.0032457571230686127 -0.011107780444565304 -0.019020852769378684 -0.0404660707136445 
-0.06326099664397135 -0.03265920755334473 -0.03411501165974971 -0.009768428309258505 0.012607689362448844 0.07716108702398672 -0.030403520958483195 -0.001024735769032774 0.02144227568198526 0.007344917058114179 
-0.059003548665277114 -0.009243690992673059 -0.06109086672091012 0.025204916211528074 -0.04181233334967357 -0.044565741248393395 -0.029496018225567137 -0.006951839198005001 -0.11390215936490954 -0.012711179152989265 
-0.07232224282006673 -0.04596094214026018 0.039847513947556104 0.005241944418581634 -0.03067522566993949 -0.022325347050314408 0.07049477617883432 0.18387804490630383 -0.011540113034327596 -0.03319579963345286 
-0.06479707600820242 -0.03669886073108644 0.020655497507929853 -0.010428941445676293 -0.02054493371721119 0.014342869846244558 -0.0077743206283165545 -0.019683949509570118 0.0172180570952284 -0.016023388918495363 
-0.059426300247608706 -0.0423953629992598 0.08684997480752994 0.015196316650212316 0.011361802404657983 -0.03612835629010326 0.030893365214281057 0.013003809090191568 0.045526610092005204 0.020110336659440363 
-0.06956603086223996 0.05432951277433365 0.02208390926718048 -0.0537993071412285 -0.12847914446168734 -0.034351334618087925 -0.010779077651838873 -0.02179193172362829 -0.12942308553161438 0.05541107747629219 
-0.04254445563866467 -0.013098328830693564 0.039865785564006384 -0.006189056114853075 -0.010536117964165993 0.012069081152778301 0.03348230328314612 0.16478841645245507 -0.004238720185690029 0.10206685244708819 
-0.052939991967319175 -0.0407757767047018 -0.024345824662053837 -0.00825498567606031 0.04168442811737058 0.13994860128922876 0.13720668928084476 -0.06839057858711445 -0.030904665740402865 -0.0034648632547109657 
-0.08273341910225593 -0.07843980707098541 0.10545974344470495 0.05283133504617782 0.03369842147699416 -0.04526925955515724 0.007345932340912414 -0.11100541857380222 0.06857560128242036 -0.0018331263796558654 
-0.05804814268382861 -0.04579549780837374 0.04966481469446142 0.016032959801855384 0.020496017090371705 0.004804556060118824 -0.011477511013051441 -0.03602421631883658 0.05114356879643852 0.001222665510987691 
-0.07281845324273198 -0.04684672270379334 0.05123289377279208 0.009946529163005327 -0.004690813809966808 -0.0077835384824375695 -0.01341085282057961 -0.03505832902104593 -0.004856405710552103 0.028281905006685454 
-0.09364727602948068 0.03960472525341278 -0.026338530571884154 0.07429938937194429 0.009217184553998158 -0.04920022684112286 0.020818863713870397 -0.023311121232912606 0.025561130679791638 -0.054992609525726564 
-0.05714602711183214 -0.06176077150046055 0.09891105142863067 0.04716605886886076 0.03336490959932833 -0.042699917194642494 0.013441861262210518 -0.12530897966032786 0.08302825861008671 0.001507875849349179 
-0.0627775540066221 -0.02738377732336769 0.016289617337866984 0.013452830395045492 0.00045510304629820176 -0.006021856540438895 0.00034424956380817363 -0.008971522283745951 -0.02704199965742567 -0.00594336323740436 
